1.458874e+002 -2.819677e+002 1.829881e+002 2.461921e+002 1.958629e+002 -1.063204e+002 
1.454553e+002 -2.816048e+002 1.825561e+002 2.457758e+002 1.957507e+002 -1.058884e+002 
1.450231e+002 -2.812422e+002 1.821239e+002 2.453596e+002 1.956385e+002 -1.054563e+002 
1.445908e+002 -2.808800e+002 1.816916e+002 2.449435e+002 1.955264e+002 -1.050240e+002 
1.441584e+002 -2.805180e+002 1.812592e+002 2.445275e+002 1.954144e+002 -1.045916e+002 
1.437259e+002 -2.801563e+002 1.808267e+002 2.441117e+002 1.953024e+002 -1.041591e+002 
1.432932e+002 -2.797948e+002 1.803941e+002 2.436959e+002 1.951906e+002 -1.037265e+002 
1.428604e+002 -2.794336e+002 1.799613e+002 2.432804e+002 1.950788e+002 -1.032938e+002 
1.424275e+002 -2.790726e+002 1.795284e+002 2.428649e+002 1.949670e+002 -1.028609e+002 
1.419945e+002 -2.787118e+002 1.790954e+002 2.424495e+002 1.948553e+002 -1.024280e+002 
1.415614e+002 -2.783512e+002 1.786623e+002 2.420343e+002 1.947437e+002 -1.019949e+002 
1.411282e+002 -2.779909e+002 1.782291e+002 2.416192e+002 1.946322e+002 -1.015617e+002 
1.406948e+002 -2.776307e+002 1.777958e+002 2.412042e+002 1.945207e+002 -1.011284e+002 
1.402614e+002 -2.772706e+002 1.773623e+002 2.407893e+002 1.944093e+002 -1.006950e+002 
1.398278e+002 -2.769107e+002 1.769288e+002 2.403745e+002 1.942979e+002 -1.002614e+002 
1.393942e+002 -2.765510e+002 1.764951e+002 2.399599e+002 1.941866e+002 -9.982779e+001 
1.389604e+002 -2.761914e+002 1.760613e+002 2.395454e+002 1.940754e+002 -9.939405e+001 
1.385265e+002 -2.758319e+002 1.756275e+002 2.391309e+002 1.939641e+002 -9.896020e+001 
1.380926e+002 -2.754725e+002 1.751935e+002 2.387166e+002 1.938530e+002 -9.852624e+001 
1.376585e+002 -2.751132e+002 1.747594e+002 2.383024e+002 1.937419e+002 -9.809218e+001 
1.372243e+002 -2.747540e+002 1.743252e+002 2.378883e+002 1.936308e+002 -9.765801e+001 
1.367900e+002 -2.743949e+002 1.738909e+002 2.374743e+002 1.935198e+002 -9.722374e+001 
1.363556e+002 -2.740359e+002 1.734565e+002 2.370604e+002 1.934088e+002 -9.678937e+001 
1.359211e+002 -2.736768e+002 1.730220e+002 2.366466e+002 1.932979e+002 -9.635490e+001 
1.354865e+002 -2.733179e+002 1.725874e+002 2.362330e+002 1.931870e+002 -9.592033e+001 
1.350519e+002 -2.729589e+002 1.721527e+002 2.358194e+002 1.930761e+002 -9.548566e+001 
1.346171e+002 -2.726000e+002 1.717179e+002 2.354059e+002 1.929653e+002 -9.505089e+001 
1.341822e+002 -2.722411e+002 1.712830e+002 2.349926e+002 1.928545e+002 -9.461602e+001 
1.337472e+002 -2.718823e+002 1.708480e+002 2.345793e+002 1.927437e+002 -9.418105e+001 
1.333122e+002 -2.715234e+002 1.704130e+002 2.341662e+002 1.926330e+002 -9.374599e+001 
1.328770e+002 -2.711644e+002 1.699778e+002 2.337531e+002 1.925222e+002 -9.331084e+001 
1.324418e+002 -2.708055e+002 1.695425e+002 2.333401e+002 1.924116e+002 -9.287559e+001 
1.320064e+002 -2.704465e+002 1.691071e+002 2.329273e+002 1.923009e+002 -9.244025e+001 
1.315710e+002 -2.700875e+002 1.686717e+002 2.325145e+002 1.921902e+002 -9.200481e+001 
1.311354e+002 -2.697285e+002 1.682361e+002 2.321018e+002 1.920796e+002 -9.156928e+001 
1.306998e+002 -2.693693e+002 1.678005e+002 2.316893e+002 1.919690e+002 -9.113366e+001 
1.302641e+002 -2.690102e+002 1.673648e+002 2.312768e+002 1.918584e+002 -9.069795e+001 
1.298283e+002 -2.686509e+002 1.669289e+002 2.308644e+002 1.917479e+002 -9.026216e+001 
1.293924e+002 -2.682915e+002 1.664930e+002 2.304521e+002 1.916373e+002 -8.982627e+001 
1.289565e+002 -2.679321e+002 1.660570e+002 2.300399e+002 1.915267e+002 -8.939029e+001 
1.285204e+002 -2.675725e+002 1.656209e+002 2.296278e+002 1.914162e+002 -8.895423e+001 
1.280843e+002 -2.672129e+002 1.651848e+002 2.292158e+002 1.913057e+002 -8.851808e+001 
1.276480e+002 -2.668531e+002 1.647485e+002 2.288039e+002 1.911951e+002 -8.808184e+001 
1.272117e+002 -2.664932e+002 1.643122e+002 2.283921e+002 1.910846e+002 -8.764552e+001 
1.267753e+002 -2.661332e+002 1.638757e+002 2.279803e+002 1.909741e+002 -8.720911e+001 
1.263389e+002 -2.657730e+002 1.634392e+002 2.275687e+002 1.908635e+002 -8.677262e+001 
1.259023e+002 -2.654127e+002 1.630026e+002 2.271571e+002 1.907530e+002 -8.633605e+001 
1.254657e+002 -2.650522e+002 1.625659e+002 2.267456e+002 1.906425e+002 -8.589939e+001 
1.250289e+002 -2.646916e+002 1.621292e+002 2.263342e+002 1.905319e+002 -8.546265e+001 
1.245921e+002 -2.643308e+002 1.616923e+002 2.259229e+002 1.904214e+002 -8.502583e+001 
1.241552e+002 -2.639698e+002 1.612554e+002 2.255117e+002 1.903108e+002 -8.458893e+001 
1.237183e+002 -2.636087e+002 1.608184e+002 2.251006e+002 1.902003e+002 -8.415195e+001 
1.232812e+002 -2.632473e+002 1.603813e+002 2.246896e+002 1.900897e+002 -8.371489e+001 
1.228441e+002 -2.628858e+002 1.599442e+002 2.242786e+002 1.899791e+002 -8.327775e+001 
1.224069e+002 -2.625240e+002 1.595069e+002 2.238677e+002 1.898685e+002 -8.284053e+001 
1.219696e+002 -2.621621e+002 1.590696e+002 2.234569e+002 1.897578e+002 -8.240323e+001 
1.215323e+002 -2.617999e+002 1.586322e+002 2.230462e+002 1.896472e+002 -8.196585e+001 
1.210949e+002 -2.614375e+002 1.581947e+002 2.226356e+002 1.895365e+002 -8.152840e+001 
1.206573e+002 -2.610749e+002 1.577572e+002 2.222250e+002 1.894258e+002 -8.109087e+001 
1.202198e+002 -2.607121e+002 1.573196e+002 2.218146e+002 1.893151e+002 -8.065327e+001 
1.197821e+002 -2.603490e+002 1.568819e+002 2.214042e+002 1.892043e+002 -8.021559e+001 
1.193444e+002 -2.599856e+002 1.564441e+002 2.209939e+002 1.890936e+002 -7.977784e+001 
1.189066e+002 -2.596220e+002 1.560062e+002 2.205836e+002 1.889827e+002 -7.934001e+001 
1.184687e+002 -2.592582e+002 1.555683e+002 2.201735e+002 1.888719e+002 -7.890211e+001 
1.180308e+002 -2.588941e+002 1.551303e+002 2.197634e+002 1.887610e+002 -7.846413e+001 
1.175927e+002 -2.585297e+002 1.546922e+002 2.193534e+002 1.886501e+002 -7.802608e+001 
1.171547e+002 -2.581650e+002 1.542541e+002 2.189435e+002 1.885392e+002 -7.758796e+001 
1.167165e+002 -2.578001e+002 1.538159e+002 2.185337e+002 1.884282e+002 -7.714977e+001 
1.162783e+002 -2.574348e+002 1.533776e+002 2.181239e+002 1.883171e+002 -7.671151e+001 
1.158400e+002 -2.570693e+002 1.529392e+002 2.177142e+002 1.882060e+002 -7.627317e+001 
1.154016e+002 -2.567035e+002 1.525008e+002 2.173046e+002 1.880949e+002 -7.583477e+001 
1.149631e+002 -2.563374e+002 1.520623e+002 2.168951e+002 1.879838e+002 -7.539630e+001 
1.145246e+002 -2.559709e+002 1.516238e+002 2.164856e+002 1.878725e+002 -7.495775e+001 
1.140861e+002 -2.556042e+002 1.511851e+002 2.160762e+002 1.877613e+002 -7.451914e+001 
1.136474e+002 -2.552371e+002 1.507464e+002 2.156669e+002 1.876499e+002 -7.408046e+001 
1.132087e+002 -2.548697e+002 1.503076e+002 2.152577e+002 1.875386e+002 -7.364171e+001 
1.127699e+002 -2.545020e+002 1.498688e+002 2.148485e+002 1.874271e+002 -7.320290e+001 
1.123311e+002 -2.541340e+002 1.494299e+002 2.144394e+002 1.873157e+002 -7.276401e+001 
1.118922e+002 -2.537656e+002 1.489909e+002 2.140304e+002 1.872041e+002 -7.232507e+001 
1.114532e+002 -2.533969e+002 1.485519e+002 2.136214e+002 1.870925e+002 -7.188605e+001 
1.110141e+002 -2.530278e+002 1.481128e+002 2.132125e+002 1.869808e+002 -7.144697e+001 
1.105750e+002 -2.526584e+002 1.476736e+002 2.128037e+002 1.868691e+002 -7.100782e+001 
1.101359e+002 -2.522886e+002 1.472344e+002 2.123949e+002 1.867573e+002 -7.056861e+001 
1.096966e+002 -2.519184e+002 1.467951e+002 2.119863e+002 1.866454e+002 -7.012933e+001 
1.092573e+002 -2.515479e+002 1.463557e+002 2.115777e+002 1.865335e+002 -6.968999e+001 
1.088180e+002 -2.511770e+002 1.459163e+002 2.111691e+002 1.864215e+002 -6.925059e+001 
1.083785e+002 -2.508058e+002 1.454768e+002 2.107607e+002 1.863094e+002 -6.881112e+001 
1.079390e+002 -2.504341e+002 1.450373e+002 2.103522e+002 1.861972e+002 -6.837159e+001 
1.074995e+002 -2.500621e+002 1.445976e+002 2.099439e+002 1.860850e+002 -6.793199e+001 
1.070599e+002 -2.496897e+002 1.441580e+002 2.095356e+002 1.859727e+002 -6.749233e+001 
1.066202e+002 -2.493169e+002 1.437182e+002 2.091274e+002 1.858603e+002 -6.705262e+001 
1.061805e+002 -2.489437e+002 1.432784e+002 2.087193e+002 1.857478e+002 -6.661284e+001 
1.057407e+002 -2.485701e+002 1.428386e+002 2.083112e+002 1.856352e+002 -6.617300e+001 
1.053008e+002 -2.481961e+002 1.423986e+002 2.079032e+002 1.855226e+002 -6.573309e+001 
1.048609e+002 -2.478217e+002 1.419586e+002 2.074953e+002 1.854099e+002 -6.529313e+001 
1.044209e+002 -2.474468e+002 1.415186e+002 2.070874e+002 1.852971e+002 -6.485311e+001 
1.039809e+002 -2.470716e+002 1.410785e+002 2.066796e+002 1.851841e+002 -6.441303e+001 
1.035408e+002 -2.466959e+002 1.406383e+002 2.062719e+002 1.850711e+002 -6.397288e+001 
1.031006e+002 -2.463198e+002 1.401981e+002 2.058642e+002 1.849580e+002 -6.353268e+001 
1.026604e+002 -2.459433e+002 1.397578e+002 2.054566e+002 1.848449e+002 -6.309242e+001 
1.022201e+002 -2.455664e+002 1.393175e+002 2.050490e+002 1.847316e+002 -6.265210e+001 
1.017798e+002 -2.451890e+002 1.388771e+002 2.046415e+002 1.846182e+002 -6.221173e+001 
1.013394e+002 -2.448111e+002 1.384366e+002 2.042341e+002 1.845047e+002 -6.177129e+001 
1.008990e+002 -2.444329e+002 1.379961e+002 2.038267e+002 1.843911e+002 -6.133080e+001 
1.004585e+002 -2.440541e+002 1.375555e+002 2.034194e+002 1.842774e+002 -6.089025e+001 
1.000179e+002 -2.436750e+002 1.371149e+002 2.030122e+002 1.841636e+002 -6.044965e+001 
9.957732e+001 -2.432954e+002 1.366742e+002 2.026050e+002 1.840497e+002 -6.000899e+001 
9.913666e+001 -2.429153e+002 1.362335e+002 2.021979e+002 1.839357e+002 -5.956827e+001 
9.869593e+001 -2.425347e+002 1.357927e+002 2.017908e+002 1.838216e+002 -5.912749e+001 
9.825516e+001 -2.421537e+002 1.353518e+002 2.013838e+002 1.837073e+002 -5.868666e+001 
9.781432e+001 -2.417722e+002 1.349109e+002 2.009769e+002 1.835930e+002 -5.824578e+001 
9.737343e+001 -2.413903e+002 1.344700e+002 2.005700e+002 1.834785e+002 -5.780484e+001 
9.693249e+001 -2.410079e+002 1.340290e+002 2.001632e+002 1.833639e+002 -5.736384e+001 
9.649150e+001 -2.406249e+002 1.335879e+002 1.997564e+002 1.832492e+002 -5.692279e+001 
9.605045e+001 -2.402416e+002 1.331468e+002 1.993497e+002 1.831344e+002 -5.648169e+001 
9.560934e+001 -2.398577e+002 1.327056e+002 1.989431e+002 1.830194e+002 -5.604053e+001 
9.516819e+001 -2.394733e+002 1.322643e+002 1.985365e+002 1.829044e+002 -5.559932e+001 
9.472698e+001 -2.390885e+002 1.318231e+002 1.981300e+002 1.827892e+002 -5.515805e+001 
9.428571e+001 -2.387031e+002 1.313817e+002 1.977235e+002 1.826738e+002 -5.471673e+001 
9.384440e+001 -2.383173e+002 1.309403e+002 1.973171e+002 1.825584e+002 -5.427536e+001 
9.340303e+001 -2.379309e+002 1.304989e+002 1.969107e+002 1.824428e+002 -5.383394e+001 
9.296161e+001 -2.375441e+002 1.300574e+002 1.965044e+002 1.823271e+002 -5.339246e+001 
9.252014e+001 -2.371567e+002 1.296158e+002 1.960982e+002 1.822112e+002 -5.295094e+001 
9.207862e+001 -2.367688e+002 1.291742e+002 1.956920e+002 1.820952e+002 -5.250936e+001 
9.163704e+001 -2.363804e+002 1.287326e+002 1.952859e+002 1.819791e+002 -5.206773e+001 
9.119542e+001 -2.359915e+002 1.282909e+002 1.948798e+002 1.818628e+002 -5.162604e+001 
9.075374e+001 -2.356021e+002 1.278491e+002 1.944738e+002 1.817464e+002 -5.118431e+001 
9.031202e+001 -2.352122e+002 1.274073e+002 1.940678e+002 1.816299e+002 -5.074253e+001 
8.987024e+001 -2.348217e+002 1.269654e+002 1.936619e+002 1.815132e+002 -5.030069e+001 
8.942842e+001 -2.344307e+002 1.265235e+002 1.932560e+002 1.813963e+002 -4.985881e+001 
8.898654e+001 -2.340392e+002 1.260816e+002 1.928502e+002 1.812793e+002 -4.941687e+001 
8.854461e+001 -2.336471e+002 1.256396e+002 1.924445e+002 1.811622e+002 -4.897489e+001 
8.810264e+001 -2.332545e+002 1.251975e+002 1.920388e+002 1.810449e+002 -4.853285e+001 
8.766062e+001 -2.328614e+002 1.247554e+002 1.916332e+002 1.809274e+002 -4.809077e+001 
8.721854e+001 -2.324677e+002 1.243132e+002 1.912276e+002 1.808098e+002 -4.764864e+001 
8.677642e+001 -2.320735e+002 1.238710e+002 1.908221e+002 1.806921e+002 -4.720646e+001 
8.633425e+001 -2.316787e+002 1.234288e+002 1.904166e+002 1.805742e+002 -4.676423e+001 
8.589204e+001 -2.312834e+002 1.229865e+002 1.900112e+002 1.804561e+002 -4.632195e+001 
8.544977e+001 -2.308875e+002 1.225441e+002 1.896058e+002 1.803379e+002 -4.587962e+001 
8.500746e+001 -2.304910e+002 1.221017e+002 1.892005e+002 1.802195e+002 -4.543725e+001 
8.456510e+001 -2.300940e+002 1.216593e+002 1.887952e+002 1.801009e+002 -4.499483e+001 
8.412269e+001 -2.296965e+002 1.212168e+002 1.883900e+002 1.799822e+002 -4.455236e+001 
8.368024e+001 -2.292984e+002 1.207742e+002 1.879848e+002 1.798633e+002 -4.410984e+001 
8.323773e+001 -2.288997e+002 1.203317e+002 1.875797e+002 1.797442e+002 -4.366727e+001 
8.279519e+001 -2.285004e+002 1.198890e+002 1.871747e+002 1.796250e+002 -4.322466e+001 
8.235259e+001 -2.281006e+002 1.194463e+002 1.867696e+002 1.795056e+002 -4.278200e+001 
8.190995e+001 -2.277002e+002 1.190036e+002 1.863647e+002 1.793860e+002 -4.233930e+001 
8.146726e+001 -2.272992e+002 1.185608e+002 1.859598e+002 1.792662e+002 -4.189655e+001 
8.102453e+001 -2.268976e+002 1.181180e+002 1.855549e+002 1.791463e+002 -4.145375e+001 
8.058175e+001 -2.264955e+002 1.176751e+002 1.851501e+002 1.790262e+002 -4.101091e+001 
8.013893e+001 -2.260927e+002 1.172322e+002 1.847454e+002 1.789059e+002 -4.056802e+001 
7.969606e+001 -2.256894e+002 1.167893e+002 1.843407e+002 1.787854e+002 -4.012509e+001 
7.925314e+001 -2.252855e+002 1.163463e+002 1.839360e+002 1.786647e+002 -3.968211e+001 
7.881018e+001 -2.248810e+002 1.159032e+002 1.835314e+002 1.785439e+002 -3.923908e+001 
7.836740e+001 -2.244761e+002 1.154603e+002 1.831270e+002 1.784229e+002 -3.879623e+001 
7.792489e+001 -2.240709e+002 1.150177e+002 1.827230e+002 1.783018e+002 -3.835366e+001 
7.748265e+001 -2.236654e+002 1.145754e+002 1.823193e+002 1.781806e+002 -3.791136e+001 
7.704070e+001 -2.232596e+002 1.141334e+002 1.819160e+002 1.780593e+002 -3.746934e+001 
7.659903e+001 -2.228535e+002 1.136916e+002 1.815130e+002 1.779379e+002 -3.702760e+001 
7.615763e+001 -2.224471e+002 1.132501e+002 1.811104e+002 1.778164e+002 -3.658614e+001 
7.571652e+001 -2.220404e+002 1.128089e+002 1.807081e+002 1.776948e+002 -3.614496e+001 
7.527568e+001 -2.216334e+002 1.123680e+002 1.803061e+002 1.775731e+002 -3.570406e+001 
7.483513e+001 -2.212260e+002 1.119273e+002 1.799045e+002 1.774513e+002 -3.526344e+001 
7.439487e+001 -2.208184e+002 1.114870e+002 1.795032e+002 1.773293e+002 -3.482311e+001 
7.395488e+001 -2.204105e+002 1.110469e+002 1.791023e+002 1.772073e+002 -3.438306e+001 
7.351519e+001 -2.200022e+002 1.106071e+002 1.787017e+002 1.770851e+002 -3.394329e+001 
7.307577e+001 -2.195937e+002 1.101676e+002 1.783015e+002 1.769628e+002 -3.350381e+001 
7.263665e+001 -2.191848e+002 1.097284e+002 1.779016e+002 1.768405e+002 -3.306462e+001 
7.219781e+001 -2.187756e+002 1.092895e+002 1.775020e+002 1.767180e+002 -3.262571e+001 
7.175926e+001 -2.183661e+002 1.088508e+002 1.771028e+002 1.765953e+002 -3.218710e+001 
7.132099e+001 -2.179564e+002 1.084125e+002 1.767040e+002 1.764726e+002 -3.174876e+001 
7.088302e+001 -2.175463e+002 1.079744e+002 1.763054e+002 1.763497e+002 -3.131072e+001 
7.044534e+001 -2.171359e+002 1.075366e+002 1.759073e+002 1.762268e+002 -3.087297e+001 
7.000794e+001 -2.167251e+002 1.070991e+002 1.755095e+002 1.761037e+002 -3.043551e+001 
6.957084e+001 -2.163141e+002 1.066619e+002 1.751120e+002 1.759805e+002 -2.999834e+001 
6.913403e+001 -2.159028e+002 1.062250e+002 1.747148e+002 1.758571e+002 -2.956146e+001 
6.869751e+001 -2.154911e+002 1.057884e+002 1.743181e+002 1.757336e+002 -2.912487e+001 
6.826129e+001 -2.150792e+002 1.053521e+002 1.739216e+002 1.756101e+002 -2.868858e+001 
6.782535e+001 -2.146669e+002 1.049161e+002 1.735255e+002 1.754863e+002 -2.825258e+001 
6.738972e+001 -2.142543e+002 1.044803e+002 1.731298e+002 1.753625e+002 -2.781688e+001 
6.695438e+001 -2.138415e+002 1.040449e+002 1.727344e+002 1.752385e+002 -2.738146e+001 
6.651933e+001 -2.134282e+002 1.036098e+002 1.723393e+002 1.751144e+002 -2.694635e+001 
6.608458e+001 -2.130147e+002 1.031749e+002 1.719446e+002 1.749902e+002 -2.651153e+001 
6.565013e+001 -2.126009e+002 1.027404e+002 1.715503e+002 1.748659e+002 -2.607701e+001 
6.521597e+001 -2.121868e+002 1.023061e+002 1.711562e+002 1.747414e+002 -2.564278e+001 
6.478211e+001 -2.117723e+002 1.018721e+002 1.707626e+002 1.746167e+002 -2.520885e+001 
6.434855e+001 -2.113576e+002 1.014385e+002 1.703693e+002 1.744920e+002 -2.477522e+001 
6.391529e+001 -2.109425e+002 1.010051e+002 1.699763e+002 1.743671e+002 -2.434189e+001 
6.348233e+001 -2.105271e+002 1.005721e+002 1.695837e+002 1.742421e+002 -2.390886e+001 
6.304966e+001 -2.101114e+002 1.001393e+002 1.691914e+002 1.741169e+002 -2.347613e+001 
6.261730e+001 -2.096954e+002 9.970685e+001 1.687994e+002 1.739916e+002 -2.304370e+001 
6.218524e+001 -2.092791e+002 9.927469e+001 1.684078e+002 1.738662e+002 -2.261157e+001 
6.175348e+001 -2.088625e+002 9.884284e+001 1.680166e+002 1.737406e+002 -2.217974e+001 
6.132203e+001 -2.084455e+002 9.841128e+001 1.676257e+002 1.736149e+002 -2.174822e+001 
6.089087e+001 -2.080282e+002 9.798003e+001 1.672352e+002 1.734890e+002 -2.131699e+001 
6.046002e+001 -2.076107e+002 9.754908e+001 1.668450e+002 1.733630e+002 -2.088607e+001 
6.002948e+001 -2.071928e+002 9.711844e+001 1.664551e+002 1.732369e+002 -2.045545e+001 
5.959923e+001 -2.067746e+002 9.668809e+001 1.660656e+002 1.731106e+002 -2.002514e+001 
5.916929e+001 -2.063561e+002 9.625805e+001 1.656765e+002 1.729842e+002 -1.959513e+001 
5.873966e+001 -2.059373e+002 9.582832e+001 1.652877e+002 1.728576e+002 -1.916543e+001 
5.831033e+001 -2.055181e+002 9.539889e+001 1.648992e+002 1.727309e+002 -1.873603e+001 
5.788131e+001 -2.050987e+002 9.496977e+001 1.645111e+002 1.726040e+002 -1.830693e+001 
5.745259e+001 -2.046789e+002 9.454095e+001 1.641233e+002 1.724770e+002 -1.787815e+001 
5.702418e+001 -2.042588e+002 9.411244e+001 1.637359e+002 1.723498e+002 -1.744967e+001 
5.667977e+001 -2.037675e+002 9.362116e+001 1.634325e+002 1.720715e+002 -1.695827e+001 
5.633528e+001 -2.032763e+002 9.312994e+001 1.631287e+002 1.717938e+002 -1.646694e+001 
5.599072e+001 -2.027851e+002 9.263876e+001 1.628246e+002 1.715168e+002 -1.597565e+001 
5.564609e+001 -2.022939e+002 9.214764e+001 1.625202e+002 1.712405e+002 -1.548441e+001 
5.530139e+001 -2.018028e+002 9.165657e+001 1.622155e+002 1.709648e+002 -1.499323e+001 
5.495661e+001 -2.013118e+002 9.116555e+001 1.619104e+002 1.706899e+002 -1.450209e+001 
5.461176e+001 -2.008208e+002 9.067458e+001 1.616050e+002 1.704157e+002 -1.401101e+001 
5.426684e+001 -2.003298e+002 9.018367e+001 1.612992e+002 1.701421e+002 -1.351998e+001 
5.392185e+001 -1.998389e+002 8.969280e+001 1.609931e+002 1.698692e+002 -1.302900e+001 
5.357678e+001 -1.993481e+002 8.920199e+001 1.606866e+002 1.695971e+002 -1.253807e+001 
5.323165e+001 -1.988573e+002 8.871122e+001 1.603798e+002 1.693256e+002 -1.204719e+001 
5.288644e+001 -1.983665e+002 8.822051e+001 1.600725e+002 1.690547e+002 -1.155636e+001 
5.254117e+001 -1.978758e+002 8.772985e+001 1.597649e+002 1.687846e+002 -1.106558e+001 
5.219582e+001 -1.973852e+002 8.723923e+001 1.594569e+002 1.685151e+002 -1.057485e+001 
5.185040e+001 -1.968946e+002 8.674867e+001 1.591486e+002 1.682464e+002 -1.008417e+001 
5.150492e+001 -1.964040e+002 8.625816e+001 1.588398e+002 1.679783e+002 -9.593534e+000 
5.115936e+001 -1.959135e+002 8.576769e+001 1.585307e+002 1.677109e+002 -9.102951e+000 
5.081373e+001 -1.954231e+002 8.527728e+001 1.582211e+002 1.674441e+002 -8.612417e+000 
5.046804e+001 -1.949327e+002 8.478691e+001 1.579111e+002 1.671781e+002 -8.121932e+000 
5.012228e+001 -1.944423e+002 8.429660e+001 1.576007e+002 1.669127e+002 -7.631496e+000 
4.977645e+001 -1.939520e+002 8.380633e+001 1.572899e+002 1.666480e+002 -7.141108e+000 
4.943055e+001 -1.934618e+002 8.331611e+001 1.569787e+002 1.663839e+002 -6.650768e+000 
4.908458e+001 -1.929715e+002 8.282595e+001 1.566670e+002 1.661206e+002 -6.160477e+000 
4.873854e+001 -1.924814e+002 8.233583e+001 1.563549e+002 1.658579e+002 -5.670233e+000 
4.839244e+001 -1.919913e+002 8.184575e+001 1.560423e+002 1.655959e+002 -5.180037e+000 
4.804627e+001 -1.915012e+002 8.135573e+001 1.557293e+002 1.653345e+002 -4.689889e+000 
4.770004e+001 -1.910112e+002 8.086575e+001 1.554158e+002 1.650738e+002 -4.199788e+000 
4.735373e+001 -1.905212e+002 8.037583e+001 1.551019e+002 1.648138e+002 -3.709734e+000 
4.700737e+001 -1.900313e+002 7.988594e+001 1.547874e+002 1.645544e+002 -3.219728e+000 
4.666093e+001 -1.895414e+002 7.939611e+001 1.544725e+002 1.642958e+002 -2.729769e+000 
4.631443e+001 -1.890516e+002 7.890633e+001 1.541571e+002 1.640377e+002 -2.239856e+000 
4.596786e+001 -1.885618e+002 7.841659e+001 1.538413e+002 1.637803e+002 -1.749990e+000 
4.562123e+001 -1.880720e+002 7.792690e+001 1.535249e+002 1.635236e+002 -1.260171e+000 
4.527453e+001 -1.875823e+002 7.743725e+001 1.532080e+002 1.632676e+002 -7.703976e-001 
4.492777e+001 -1.870927e+002 7.694766e+001 1.528906e+002 1.630122e+002 -2.806708e-001 
4.458095e+001 -1.866031e+002 7.645811e+001 1.525726e+002 1.627574e+002 2.090100e-001 
4.423406e+001 -1.861135e+002 7.596860e+001 1.522542e+002 1.625033e+002 6.986448e-001 
4.388710e+001 -1.856240e+002 7.547915e+001 1.519352e+002 1.622499e+002 1.188234e+000 
4.354008e+001 -1.851345e+002 7.498973e+001 1.516156e+002 1.619971e+002 1.677777e+000 
4.319300e+001 -1.846451e+002 7.450037e+001 1.512955e+002 1.617449e+002 2.167275e+000 
4.284585e+001 -1.841558e+002 7.401105e+001 1.509749e+002 1.614934e+002 2.656728e+000 
4.249864e+001 -1.836664e+002 7.352178e+001 1.506536e+002 1.612426e+002 3.146135e+000 
4.215137e+001 -1.831771e+002 7.303255e+001 1.503318e+002 1.609923e+002 3.635498e+000 
4.180404e+001 -1.826879e+002 7.254337e+001 1.500094e+002 1.607427e+002 4.124815e+000 
4.145664e+001 -1.821987e+002 7.205423e+001 1.496864e+002 1.604938e+002 4.614088e+000 
4.110918e+001 -1.817095e+002 7.156514e+001 1.493628e+002 1.602455e+002 5.103315e+000 
4.076166e+001 -1.812204e+002 7.107610e+001 1.490386e+002 1.599978e+002 5.592499e+000 
4.041407e+001 -1.807314e+002 7.058710e+001 1.487138e+002 1.597507e+002 6.081638e+000 
4.006643e+001 -1.802423e+002 7.009814e+001 1.483884e+002 1.595043e+002 6.570733e+000 
3.971872e+001 -1.797534e+002 6.960923e+001 1.480623e+002 1.592585e+002 7.059784e+000 
3.937095e+001 -1.792644e+002 6.912037e+001 1.477356e+002 1.590133e+002 7.548790e+000 
3.902312e+001 -1.787755e+002 6.863155e+001 1.474082e+002 1.587688e+002 8.037753e+000 
3.867523e+001 -1.782867e+002 6.814277e+001 1.470801e+002 1.585248e+002 8.526672e+000 
3.832728e+001 -1.777979e+002 6.765404e+001 1.467514e+002 1.582815e+002 9.015548e+000 
3.797926e+001 -1.773091e+002 6.716535e+001 1.464220e+002 1.580388e+002 9.504380e+000 
3.763119e+001 -1.768204e+002 6.667671e+001 1.460919e+002 1.577967e+002 9.993168e+000 
3.728306e+001 -1.763317e+002 6.618811e+001 1.457610e+002 1.575552e+002 1.048191e+001 
3.693487e+001 -1.758431e+002 6.569956e+001 1.454295e+002 1.573142e+002 1.097062e+001 
3.658661e+001 -1.753545e+002 6.521105e+001 1.450973e+002 1.570739e+002 1.145928e+001 
3.623830e+001 -1.748660e+002 6.472258e+001 1.447643e+002 1.568342e+002 1.194789e+001 
3.588993e+001 -1.743775e+002 6.423416e+001 1.444306e+002 1.565951e+002 1.243647e+001 
3.554150e+001 -1.738890e+002 6.374578e+001 1.440961e+002 1.563566e+002 1.292500e+001 
3.519301e+001 -1.734006e+002 6.325744e+001 1.437608e+002 1.561187e+002 1.341349e+001 
3.484446e+001 -1.729122e+002 6.276915e+001 1.434248e+002 1.558813e+002 1.390193e+001 
3.449585e+001 -1.724239e+002 6.228090e+001 1.430880e+002 1.556445e+002 1.439034e+001 
3.414719e+001 -1.719356e+002 6.179269e+001 1.427503e+002 1.554083e+002 1.487870e+001 
3.379847e+001 -1.714473e+002 6.130453e+001 1.424119e+002 1.551727e+002 1.536702e+001 
3.344968e+001 -1.709591e+002 6.081641e+001 1.420727e+002 1.549376e+002 1.585529e+001 
3.310085e+001 -1.704709e+002 6.032833e+001 1.417326e+002 1.547031e+002 1.634353e+001 
3.275195e+001 -1.699828e+002 5.984030e+001 1.413916e+002 1.544692e+002 1.683172e+001 
3.240299e+001 -1.694947e+002 5.935230e+001 1.410498e+002 1.542358e+002 1.731988e+001 
3.205398e+001 -1.690067e+002 5.886435e+001 1.407072e+002 1.540030e+002 1.780799e+001 
3.170491e+001 -1.685186e+002 5.837645e+001 1.403636e+002 1.537707e+002 1.829606e+001 
3.135579e+001 -1.680307e+002 5.788858e+001 1.400192e+002 1.535389e+002 1.878409e+001 
3.100660e+001 -1.675428e+002 5.740076e+001 1.396738e+002 1.533077e+002 1.927207e+001 
3.065736e+001 -1.670549e+002 5.691298e+001 1.393275e+002 1.530770e+002 1.976002e+001 
3.030807e+001 -1.665670e+002 5.642524e+001 1.389803e+002 1.528469e+002 2.024792e+001 
2.995872e+001 -1.660792e+002 5.593755e+001 1.386321e+002 1.526173e+002 2.073579e+001 
2.960931e+001 -1.655915e+002 5.544990e+001 1.382830e+002 1.523882e+002 2.122361e+001 
2.926001e+001 -1.651040e+002 5.496252e+001 1.379330e+002 1.521597e+002 2.171116e+001 
2.891098e+001 -1.646170e+002 5.447563e+001 1.375824e+002 1.519319e+002 2.219822e+001 
2.856221e+001 -1.641304e+002 5.398923e+001 1.372311e+002 1.517048e+002 2.268480e+001 
2.821371e+001 -1.636444e+002 5.350332e+001 1.368791e+002 1.514785e+002 2.317087e+001 
2.786549e+001 -1.631589e+002 5.301792e+001 1.365264e+002 1.512528e+002 2.365645e+001 
2.751756e+001 -1.626739e+002 5.253304e+001 1.361730e+002 1.510279e+002 2.414152e+001 
2.716991e+001 -1.621894e+002 5.204866e+001 1.358189e+002 1.508036e+002 2.462607e+001 
2.682255e+001 -1.617054e+002 5.156482e+001 1.354641e+002 1.505801e+002 2.511009e+001 
2.647549e+001 -1.612220e+002 5.108150e+001 1.351086e+002 1.503572e+002 2.559359e+001 
2.612874e+001 -1.607391e+002 5.059872e+001 1.347523e+002 1.501350e+002 2.607655e+001 
2.578229e+001 -1.602567e+002 5.011649e+001 1.343953e+002 1.499135e+002 2.655897e+001 
2.543616e+001 -1.597749e+002 4.963481e+001 1.340376e+002 1.496926e+002 2.704083e+001 
2.509035e+001 -1.592936e+002 4.915369e+001 1.336791e+002 1.494724e+002 2.752214e+001 
2.474487e+001 -1.588129e+002 4.867314e+001 1.333198e+002 1.492529e+002 2.800288e+001 
2.439971e+001 -1.583328e+002 4.819316e+001 1.329598e+002 1.490341e+002 2.848305e+001 
2.405490e+001 -1.578533e+002 4.771376e+001 1.325990e+002 1.488159e+002 2.896263e+001 
2.371043e+001 -1.573743e+002 4.723495e+001 1.322374e+002 1.485983e+002 2.944163e+001 
2.336631e+001 -1.568960e+002 4.675674e+001 1.318750e+002 1.483814e+002 2.992004e+001 
2.302254e+001 -1.564182e+002 4.627914e+001 1.315118e+002 1.481651e+002 3.039784e+001 
2.267914e+001 -1.559411e+002 4.580214e+001 1.311479e+002 1.479495e+002 3.087502e+001 
2.233610e+001 -1.554646e+002 4.532577e+001 1.307831e+002 1.477345e+002 3.135159e+001 
2.199344e+001 -1.549887e+002 4.485003e+001 1.304175e+002 1.475202e+002 3.182754e+001 
2.165116e+001 -1.545134e+002 4.437492e+001 1.300510e+002 1.473064e+002 3.230284e+001 
2.130927e+001 -1.540388e+002 4.390046e+001 1.296838e+002 1.470933e+002 3.277751e+001 
2.096776e+001 -1.535648e+002 4.342665e+001 1.293157e+002 1.468808e+002 3.325152e+001 
2.062666e+001 -1.530915e+002 4.295350e+001 1.289467e+002 1.466689e+002 3.372488e+001 
2.028597e+001 -1.526188e+002 4.248102e+001 1.285769e+002 1.464575e+002 3.419756e+001 
1.994568e+001 -1.521469e+002 4.200922e+001 1.282062e+002 1.462468e+002 3.466957e+001 
1.960582e+001 -1.516756e+002 4.153811e+001 1.278347e+002 1.460367e+002 3.514089e+001 
1.926638e+001 -1.512050e+002 4.106769e+001 1.274622e+002 1.458271e+002 3.561152e+001 
1.892738e+001 -1.507351e+002 4.059798e+001 1.270889e+002 1.456182e+002 3.608145e+001 
1.858881e+001 -1.502659e+002 4.012897e+001 1.267147e+002 1.454098e+002 3.655067e+001 
1.825069e+001 -1.497974e+002 3.966069e+001 1.263396e+002 1.452020e+002 3.701917e+001 
1.791302e+001 -1.493297e+002 3.919314e+001 1.259635e+002 1.449947e+002 3.748693e+001 
1.757582e+001 -1.488627e+002 3.872633e+001 1.255866e+002 1.447880e+002 3.795396e+001 
1.723908e+001 -1.483965e+002 3.826027e+001 1.252087e+002 1.445818e+002 3.842025e+001 
1.690282e+001 -1.479310e+002 3.779497e+001 1.248299e+002 1.443762e+002 3.888578e+001 
1.656703e+001 -1.474662e+002 3.733043e+001 1.244502e+002 1.441712e+002 3.935054e+001 
1.623174e+001 -1.470023e+002 3.686668e+001 1.240695e+002 1.439666e+002 3.981453e+001 
1.589694e+001 -1.465391e+002 3.640370e+001 1.236878e+002 1.437626e+002 4.027773e+001 
1.556264e+001 -1.460767e+002 3.594152e+001 1.233052e+002 1.435591e+002 4.074014e+001 
1.522886e+001 -1.456151e+002 3.548015e+001 1.229216e+002 1.433562e+002 4.120175e+001 
1.489559e+001 -1.451543e+002 3.501959e+001 1.225371e+002 1.431537e+002 4.166254e+001 
1.456285e+001 -1.446944e+002 3.455986e+001 1.221515e+002 1.429518e+002 4.212251e+001 
1.423065e+001 -1.442353e+002 3.410096e+001 1.217650e+002 1.427503e+002 4.258165e+001 
1.389898e+001 -1.437770e+002 3.364290e+001 1.213775e+002 1.425494e+002 4.303995e+001 
1.356786e+001 -1.433196e+002 3.318570e+001 1.209889e+002 1.423489e+002 4.349740e+001 
1.323730e+001 -1.428630e+002 3.272936e+001 1.205994e+002 1.421489e+002 4.395398e+001 
1.290731e+001 -1.424073e+002 3.227390e+001 1.202088e+002 1.419494e+002 4.440970e+001 
1.257788e+001 -1.419525e+002 3.181932e+001 1.198172e+002 1.417504e+002 4.486453e+001 
1.224904e+001 -1.414986e+002 3.136564e+001 1.194245e+002 1.415518e+002 4.531847e+001 
1.192078e+001 -1.410456e+002 3.091286e+001 1.190308e+002 1.413537e+002 4.577150e+001 
1.159312e+001 -1.405934e+002 3.046099e+001 1.186361e+002 1.411561e+002 4.622363e+001 
1.126606e+001 -1.401423e+002 3.001005e+001 1.182403e+002 1.409589e+002 4.667483e+001 
1.093961e+001 -1.396920e+002 2.956005e+001 1.178434e+002 1.407622e+002 4.712509e+001 
1.061379e+001 -1.392427e+002 2.911100e+001 1.174455e+002 1.405659e+002 4.757441e+001 
1.028859e+001 -1.387943e+002 2.866290e+001 1.170465e+002 1.403700e+002 4.802278e+001 
9.964034e+000 -1.383469e+002 2.821577e+001 1.166464e+002 1.401746e+002 4.847018e+001 
9.640120e+000 -1.379005e+002 2.776962e+001 1.162452e+002 1.399796e+002 4.891660e+001 
9.316859e+000 -1.374551e+002 2.732446e+001 1.158429e+002 1.397850e+002 4.936204e+001 
8.994261e+000 -1.370107e+002 2.688031e+001 1.154395e+002 1.395909e+002 4.980648e+001 
8.672334e+000 -1.365673e+002 2.643716e+001 1.150350e+002 1.393971e+002 5.024990e+001 
8.351085e+000 -1.361248e+002 2.599504e+001 1.146294e+002 1.392038e+002 5.069231e+001 
8.030525e+000 -1.356835e+002 2.555395e+001 1.142227e+002 1.390109e+002 5.113369e+001 
7.710662e+000 -1.352431e+002 2.511391e+001 1.138148e+002 1.388184e+002 5.157402e+001 
7.391505e+000 -1.348039e+002 2.467493e+001 1.134058e+002 1.386262e+002 5.201329e+001 
7.073062e+000 -1.343657e+002 2.423702e+001 1.129956e+002 1.384345e+002 5.245150e+001 
6.755342e+000 -1.339285e+002 2.380019e+001 1.125843e+002 1.382432e+002 5.288864e+001 
6.438355e+000 -1.334925e+002 2.336445e+001 1.121718e+002 1.380522e+002 5.332468e+001 
6.122110e+000 -1.330575e+002 2.292981e+001 1.117582e+002 1.378617e+002 5.375962e+001 
5.806615e+000 -1.326237e+002 2.249629e+001 1.113434e+002 1.376715e+002 5.419345e+001 
5.491881e+000 -1.321910e+002 2.206390e+001 1.109274e+002 1.374817e+002 5.462615e+001 
5.177916e+000 -1.317594e+002 2.163266e+001 1.105102e+002 1.372923e+002 5.505772e+001 
4.864729e+000 -1.313290e+002 2.120256e+001 1.100919e+002 1.371032e+002 5.548813e+001 
4.552332e+000 -1.308997e+002 2.077363e+001 1.096724e+002 1.369146e+002 5.591739e+001 
4.240732e+000 -1.304717e+002 2.034588e+001 1.092516e+002 1.367263e+002 5.634547e+001 
3.929940e+000 -1.300448e+002 1.991932e+001 1.088297e+002 1.365383e+002 5.677236e+001 
3.619965e+000 -1.296191e+002 1.949396e+001 1.084065e+002 1.363508e+002 5.719806e+001 
3.310818e+000 -1.291946e+002 1.906982e+001 1.079821e+002 1.361636e+002 5.762254e+001 
3.001069e+000 -1.287693e+002 1.864690e+001 1.075565e+002 1.359759e+002 5.804777e+001 
2.690368e+000 -1.283428e+002 1.822524e+001 1.071296e+002 1.357875e+002 5.847423e+001 
2.378710e+000 -1.279151e+002 1.780483e+001 1.067016e+002 1.355983e+002 5.890193e+001 
2.066085e+000 -1.274862e+002 1.738570e+001 1.062722e+002 1.354084e+002 5.933088e+001 
1.752487e+000 -1.270559e+002 1.696786e+001 1.058416e+002 1.352177e+002 5.976109e+001 
1.437908e+000 -1.266244e+002 1.655134e+001 1.054098e+002 1.350262e+002 6.019257e+001 
1.122342e+000 -1.261917e+002 1.613615e+001 1.049766e+002 1.348340e+002 6.062532e+001 
8.057794e-001 -1.257576e+002 1.572231e+001 1.045422e+002 1.346409e+002 6.105936e+001 
4.882134e-001 -1.253223e+002 1.530984e+001 1.041064e+002 1.344471e+002 6.149470e+001 
1.696358e-001 -1.248856e+002 1.489876e+001 1.036694e+002 1.342523e+002 6.193135e+001 
-1.499613e-001 -1.244476e+002 1.448909e+001 1.032310e+002 1.340568e+002 6.236931e+001 
-4.705863e-001 -1.240083e+002 1.408085e+001 1.027913e+002 1.338604e+002 6.280861e+001 
-7.922476e-001 -1.235676e+002 1.367406e+001 1.023503e+002 1.336631e+002 6.324925e+001 
-1.114954e+000 -1.231256e+002 1.326874e+001 1.019079e+002 1.334649e+002 6.369123e+001 
-1.438714e+000 -1.226822e+002 1.286492e+001 1.014641e+002 1.332658e+002 6.413458e+001 
-1.763536e+000 -1.222375e+002 1.246262e+001 1.010189e+002 1.330658e+002 6.457931e+001 
-2.089431e+000 -1.217914e+002 1.206186e+001 1.005724e+002 1.328648e+002 6.502542e+001 
-2.416407e+000 -1.213438e+002 1.166267e+001 1.001245e+002 1.326629e+002 6.547293e+001 
-2.744475e+000 -1.208949e+002 1.126507e+001 9.967513e+001 1.324601e+002 6.592185e+001 
-3.073644e+000 -1.204445e+002 1.086910e+001 9.922435e+001 1.322562e+002 6.637220e+001 
-3.403925e+000 -1.199927e+002 1.047477e+001 9.877213e+001 1.320514e+002 6.682399e+001 
-3.735328e+000 -1.195394e+002 1.008211e+001 9.831845e+001 1.318456e+002 6.727723e+001 
-4.067866e+000 -1.190847e+002 9.691166e+000 9.786330e+001 1.316387e+002 6.773193e+001 
-4.401548e+000 -1.186285e+002 9.301955e+000 9.740666e+001 1.314308e+002 6.818812e+001 
-4.736389e+000 -1.181707e+002 8.914515e+000 9.694853e+001 1.312218e+002 6.864581e+001 
-5.072399e+000 -1.177115e+002 8.528877e+000 9.648887e+001 1.310118e+002 6.910501e+001 
-5.409592e+000 -1.172507e+002 8.145077e+000 9.602768e+001 1.308006e+002 6.956575e+001 
-5.747982e+000 -1.167884e+002 7.763153e+000 9.556493e+001 1.305884e+002 7.002803e+001 
-6.087583e+000 -1.163245e+002 7.383143e+000 9.510061e+001 1.303750e+002 7.049189e+001 
-6.428410e+000 -1.158591e+002 7.005088e+000 9.463470e+001 1.301605e+002 7.095733e+001 
-6.770479e+000 -1.153920e+002 6.629031e+000 9.416717e+001 1.299448e+002 7.142438e+001 
-7.113807e+000 -1.149233e+002 6.255018e+000 9.369801e+001 1.297280e+002 7.189306e+001 
-7.458410e+000 -1.144529e+002 5.883096e+000 9.322719e+001 1.295099e+002 7.236340e+001 
-7.804308e+000 -1.139808e+002 5.513317e+000 9.275468e+001 1.292906e+002 7.283542e+001 
-8.151521e+000 -1.135071e+002 5.145736e+000 9.228046e+001 1.290701e+002 7.330914e+001 
-8.500070e+000 -1.130316e+002 4.780411e+000 9.180450e+001 1.288483e+002 7.378459e+001 
-8.849977e+000 -1.125543e+002 4.417404e+000 9.132677e+001 1.286252e+002 7.426181e+001 
-9.201266e+000 -1.120753e+002 4.056783e+000 9.084724e+001 1.284008e+002 7.474083e+001 
-9.553964e+000 -1.115944e+002 3.698618e+000 9.036587e+001 1.281751e+002 7.522167e+001 
-9.908098e+000 -1.111116e+002 3.342990e+000 8.988262e+001 1.279480e+002 7.570439e+001 
-1.026303e+001 -1.106279e+002 2.990641e+000 8.939836e+001 1.277200e+002 7.618810e+001 
-1.061801e+001 -1.101441e+002 2.642419e+000 8.891413e+001 1.274914e+002 7.667179e+001 
-1.097304e+001 -1.096605e+002 2.298406e+000 8.842992e+001 1.272624e+002 7.715544e+001 
-1.132810e+001 -1.091768e+002 1.958695e+000 8.794573e+001 1.270329e+002 7.763906e+001 
-1.168321e+001 -1.086932e+002 1.931851e+000 8.790701e+001 1.268030e+002 7.812265e+001 
-1.207165e+001 -1.082359e+002 1.895257e+000 8.791659e+001 1.265852e+002 7.857990e+001 
-1.246000e+001 -1.077785e+002 1.858657e+000 8.792599e+001 1.263670e+002 7.903720e+001 
-1.284829e+001 -1.073211e+002 1.822053e+000 8.793521e+001 1.261484e+002 7.949457e+001 
-1.323650e+001 -1.068636e+002 1.785443e+000 8.794424e+001 1.259295e+002 7.995200e+001 
-1.362463e+001 -1.064060e+002 1.748829e+000 8.795309e+001 1.257101e+002 8.040949e+001 
-1.401269e+001 -1.059484e+002 1.712209e+000 8.796175e+001 1.254903e+002 8.086705e+001 
-1.440067e+001 -1.054908e+002 1.675585e+000 8.797021e+001 1.252702e+002 8.132467e+001 
-1.478857e+001 -1.050330e+002 1.638955e+000 8.797849e+001 1.250496e+002 8.178236e+001 
-1.517640e+001 -1.045752e+002 1.602320e+000 8.798657e+001 1.248287e+002 8.224012e+001 
-1.556414e+001 -1.041173e+002 1.565680e+000 8.799445e+001 1.246073e+002 8.269794e+001 
-1.595180e+001 -1.036594e+002 1.529034e+000 8.800214e+001 1.243855e+002 8.315583e+001 
-1.633937e+001 -1.032013e+002 1.492383e+000 8.800962e+001 1.241632e+002 8.361379e+001 
-1.672687e+001 -1.027432e+002 1.455727e+000 8.801691e+001 1.239406e+002 8.407182e+001 
-1.711427e+001 -1.022851e+002 1.419065e+000 8.802399e+001 1.237175e+002 8.452993e+001 
-1.750159e+001 -1.018268e+002 1.382397e+000 8.803086e+001 1.234940e+002 8.498810e+001 
-1.788883e+001 -1.013685e+002 1.345723e+000 8.803753e+001 1.232700e+002 8.544635e+001 
-1.827597e+001 -1.009101e+002 1.309044e+000 8.804399e+001 1.230456e+002 8.590467e+001 
-1.866303e+001 -1.004517e+002 1.272359e+000 8.805024e+001 1.228208e+002 8.636307e+001 
-1.904999e+001 -9.999314e+001 1.235668e+000 8.805627e+001 1.225955e+002 8.682155e+001 
-1.943687e+001 -9.953452e+001 1.198971e+000 8.806209e+001 1.223697e+002 8.728010e+001 
-1.982365e+001 -9.907582e+001 1.162269e+000 8.806769e+001 1.221435e+002 8.773872e+001 
-2.021033e+001 -9.861705e+001 1.125560e+000 8.807307e+001 1.219168e+002 8.819743e+001 
-2.059692e+001 -9.815819e+001 1.088845e+000 8.807822e+001 1.216897e+002 8.865622e+001 
-2.098341e+001 -9.769926e+001 1.052123e+000 8.808315e+001 1.214621e+002 8.911509e+001 
-2.136981e+001 -9.724024e+001 1.015396e+000 8.808786e+001 1.212340e+002 8.957403e+001 
-2.175611e+001 -9.678114e+001 9.786617e-001 8.809233e+001 1.210054e+002 9.003307e+001 
-2.214230e+001 -9.632195e+001 9.419213e-001 8.809657e+001 1.207763e+002 9.049218e+001 
-2.252840e+001 -9.586268e+001 9.051744e-001 8.810058e+001 1.205468e+002 9.095138e+001 
-2.291439e+001 -9.540332e+001 8.684211e-001 8.810435e+001 1.203167e+002 9.141067e+001 
-2.330028e+001 -9.494388e+001 8.316611e-001 8.810787e+001 1.200862e+002 9.187004e+001 
-2.368607e+001 -9.448434e+001 7.948944e-001 8.811116e+001 1.198552e+002 9.232950e+001 
-2.407174e+001 -9.402472e+001 7.581210e-001 8.811420e+001 1.196236e+002 9.278904e+001 
-2.445731e+001 -9.356501e+001 7.213408e-001 8.811699e+001 1.193915e+002 9.324868e+001 
-2.484277e+001 -9.310521e+001 6.845537e-001 8.811953e+001 1.191590e+002 9.370841e+001 
-2.522813e+001 -9.264531e+001 6.477597e-001 8.812181e+001 1.189259e+002 9.416823e+001 
-2.561337e+001 -9.218532e+001 6.109587e-001 8.812384e+001 1.186922e+002 9.462814e+001 
-2.599849e+001 -9.172524e+001 5.741506e-001 8.812560e+001 1.184581e+002 9.508814e+001 
-2.638351e+001 -9.126506e+001 5.373354e-001 8.812710e+001 1.182234e+002 9.554824e+001 
-2.676840e+001 -9.080478e+001 5.005129e-001 8.812834e+001 1.179882e+002 9.600844e+001 
-2.715319e+001 -9.034441e+001 4.636833e-001 8.812930e+001 1.177524e+002 9.646873e+001 
-2.753785e+001 -8.988394e+001 4.268462e-001 8.812999e+001 1.175161e+002 9.692912e+001 
-2.792239e+001 -8.942337e+001 3.900018e-001 8.813041e+001 1.172792e+002 9.738961e+001 
-2.830682e+001 -8.896269e+001 3.531500e-001 8.813054e+001 1.170417e+002 9.785020e+001 
-2.869112e+001 -8.850192e+001 3.162906e-001 8.813039e+001 1.168037e+002 9.831088e+001 
-2.907530e+001 -8.804105e+001 2.794236e-001 8.812995e+001 1.165652e+002 9.877168e+001 
-2.945935e+001 -8.758007e+001 2.425490e-001 8.812922e+001 1.163260e+002 9.923257e+001 
-2.984328e+001 -8.711898e+001 2.056666e-001 8.812819e+001 1.160863e+002 9.969357e+001 
-3.022708e+001 -8.665779e+001 1.687765e-001 8.812686e+001 1.158460e+002 1.001547e+002 
-3.061075e+001 -8.619649e+001 1.318785e-001 8.812523e+001 1.156052e+002 1.006159e+002 
-3.099429e+001 -8.573508e+001 9.497266e-002 8.812329e+001 1.153637e+002 1.010772e+002 
-3.137770e+001 -8.527357e+001 5.805883e-002 8.812104e+001 1.151216e+002 1.015386e+002 
-3.176098e+001 -8.481194e+001 2.113696e-002 8.811847e+001 1.148789e+002 1.020002e+002 
-3.214412e+001 -8.435020e+001 -1.579299e-002 8.811558e+001 1.146356e+002 1.024618e+002 
-3.252712e+001 -8.388835e+001 -5.273110e-002 8.811237e+001 1.143918e+002 1.029236e+002 
-3.290999e+001 -8.342638e+001 -8.967742e-002 8.810882e+001 1.141472e+002 1.033854e+002 
-3.329272e+001 -8.296430e+001 -1.266320e-001 8.810494e+001 1.139021e+002 1.038474e+002 
-3.367531e+001 -8.250211e+001 -1.635949e-001 8.810072e+001 1.136564e+002 1.043095e+002 
-3.405776e+001 -8.203979e+001 -2.005663e-001 8.809616e+001 1.134100e+002 1.047718e+002 
-3.444006e+001 -8.157736e+001 -2.375460e-001 8.809124e+001 1.131629e+002 1.052341e+002 
-3.482222e+001 -8.111480e+001 -2.745343e-001 8.808597e+001 1.129153e+002 1.056965e+002 
-3.520423e+001 -8.065213e+001 -3.115312e-001 8.808033e+001 1.126669e+002 1.061591e+002 
-3.558609e+001 -8.018933e+001 -3.485366e-001 8.807433e+001 1.124180e+002 1.066218e+002 
-3.596780e+001 -7.972641e+001 -3.855508e-001 8.806796e+001 1.121683e+002 1.070846e+002 
-3.634936e+001 -7.926337e+001 -4.225737e-001 8.806121e+001 1.119180e+002 1.075476e+002 
-3.673077e+001 -7.880020e+001 -4.596054e-001 8.805407e+001 1.116671e+002 1.080107e+002 
-3.711203e+001 -7.833690e+001 -4.966460e-001 8.804654e+001 1.114154e+002 1.084738e+002 
-3.749312e+001 -7.787347e+001 -5.336954e-001 8.803862e+001 1.111631e+002 1.089372e+002 
-3.787407e+001 -7.740992e+001 -5.707539e-001 8.803029e+001 1.109101e+002 1.094006e+002 
-3.825485e+001 -7.694623e+001 -6.078213e-001 8.802155e+001 1.106564e+002 1.098642e+002 
-3.863547e+001 -7.648241e+001 -6.448978e-001 8.801239e+001 1.104020e+002 1.103279e+002 
-3.901592e+001 -7.601846e+001 -6.819834e-001 8.800281e+001 1.101469e+002 1.107918e+002 
-3.939622e+001 -7.555437e+001 -7.190782e-001 8.799280e+001 1.098911e+002 1.112557e+002 
-3.977635e+001 -7.509015e+001 -7.561823e-001 8.798234e+001 1.096346e+002 1.117199e+002 
-4.015631e+001 -7.462579e+001 -7.932956e-001 8.797144e+001 1.093774e+002 1.121841e+002 
-4.053610e+001 -7.416129e+001 -8.304182e-001 8.796008e+001 1.091194e+002 1.126485e+002 
-4.091572e+001 -7.369665e+001 -8.675502e-001 8.794825e+001 1.088607e+002 1.131130e+002 
-4.129516e+001 -7.323187e+001 -9.047077e-001 8.793600e+001 1.088399e+002 1.131502e+002 
-4.167444e+001 -7.276695e+001 -9.418755e-001 8.792347e+001 1.088192e+002 1.131874e+002 
-4.205353e+001 -7.230188e+001 -9.790538e-001 8.791066e+001 1.087984e+002 1.132246e+002 
-4.243245e+001 -7.183667e+001 -1.016243e+000 8.789754e+001 1.087776e+002 1.132618e+002 
-4.281119e+001 -7.137131e+001 -1.053442e+000 8.788412e+001 1.087568e+002 1.132990e+002 
-4.318974e+001 -7.090581e+001 -1.090652e+000 8.787039e+001 1.087360e+002 1.133363e+002 
-4.356812e+001 -7.044015e+001 -1.127873e+000 8.785634e+001 1.087152e+002 1.133735e+002 
-4.394630e+001 -6.997435e+001 -1.165105e+000 8.784196e+001 1.086944e+002 1.134108e+002 
-4.432430e+001 -6.950839e+001 -1.202347e+000 8.782724e+001 1.086735e+002 1.134480e+002 
-4.470212e+001 -6.904228e+001 -1.239600e+000 8.781218e+001 1.086527e+002 1.134853e+002 
-4.507974e+001 -6.857602e+001 -1.276865e+000 8.779675e+001 1.086318e+002 1.135226e+002 
-4.545716e+001 -6.810960e+001 -1.314140e+000 8.778097e+001 1.086109e+002 1.135599e+002 
-4.583439e+001 -6.764302e+001 -1.351426e+000 8.776481e+001 1.085900e+002 1.135973e+002 
-4.621143e+001 -6.717628e+001 -1.388724e+000 8.774826e+001 1.085691e+002 1.136346e+002 
-4.658827e+001 -6.670938e+001 -1.426032e+000 8.773131e+001 1.085482e+002 1.136719e+002 
-4.696490e+001 -6.624232e+001 -1.463352e+000 8.771395e+001 1.085272e+002 1.137093e+002 
-4.734134e+001 -6.577510e+001 -1.500682e+000 8.769618e+001 1.085063e+002 1.137467e+002 
-4.771757e+001 -6.530771e+001 -1.538024e+000 8.767797e+001 1.084853e+002 1.137841e+002 
-4.809359e+001 -6.484015e+001 -1.575378e+000 8.765931e+001 1.084643e+002 1.138215e+002 
-4.846940e+001 -6.437243e+001 -1.612742e+000 8.764020e+001 1.084433e+002 1.138589e+002 
-4.884500e+001 -6.390454e+001 -1.650118e+000 8.762061e+001 1.084223e+002 1.138963e+002 
-4.922039e+001 -6.343648e+001 -1.687505e+000 8.760054e+001 1.084013e+002 1.139337e+002 
-4.959557e+001 -6.296824e+001 -1.724904e+000 8.757996e+001 1.083803e+002 1.139712e+002 
-4.997053e+001 -6.249984e+001 -1.762314e+000 8.755887e+001 1.083592e+002 1.140087e+002 
-5.034527e+001 -6.203125e+001 -1.799735e+000 8.753724e+001 1.083382e+002 1.140461e+002 
-5.071979e+001 -6.156249e+001 -1.837168e+000 8.751507e+001 1.083171e+002 1.140836e+002 
-5.109408e+001 -6.109356e+001 -1.874612e+000 8.749232e+001 1.082960e+002 1.141212e+002 
-5.146816e+001 -6.062444e+001 -1.912067e+000 8.746899e+001 1.082749e+002 1.141587e+002 
-5.184200e+001 -6.015514e+001 -1.949534e+000 8.744505e+001 1.082537e+002 1.141962e+002 
-5.221561e+001 -5.968566e+001 -1.987012e+000 8.742049e+001 1.082326e+002 1.142338e+002 
-5.258900e+001 -5.921600e+001 -2.024501e+000 8.739528e+001 1.082114e+002 1.142713e+002 
-5.296215e+001 -5.874614e+001 -2.062002e+000 8.736940e+001 1.081903e+002 1.143089e+002 
-5.333506e+001 -5.827611e+001 -2.099514e+000 8.734283e+001 1.081691e+002 1.143465e+002 
-5.370773e+001 -5.780588e+001 -2.137037e+000 8.731554e+001 1.081479e+002 1.143841e+002 
-5.408017e+001 -5.733546e+001 -2.174572e+000 8.728750e+001 1.081267e+002 1.144218e+002 
-5.445236e+001 -5.686485e+001 -2.212117e+000 8.725870e+001 1.081054e+002 1.144594e+002 
-5.482431e+001 -5.639405e+001 -2.249674e+000 8.722910e+001 1.080842e+002 1.144971e+002 
-5.519601e+001 -5.592305e+001 -2.287242e+000 8.719867e+001 1.080629e+002 1.145347e+002 
-5.556746e+001 -5.545186e+001 -2.324820e+000 8.716739e+001 1.080416e+002 1.145724e+002 
-5.593866e+001 -5.498047e+001 -2.362410e+000 8.713521e+001 1.080203e+002 1.146101e+002 
-5.630961e+001 -5.450888e+001 -2.400010e+000 8.710210e+001 1.079990e+002 1.146479e+002 
-5.668030e+001 -5.403708e+001 -2.437621e+000 8.706802e+001 1.079777e+002 1.146856e+002 
-5.705073e+001 -5.356509e+001 -2.475243e+000 8.703294e+001 1.079563e+002 1.147234e+002 
-5.742090e+001 -5.309289e+001 -2.512875e+000 8.699682e+001 1.079350e+002 1.147611e+002 
-5.779081e+001 -5.262048e+001 -2.550518e+000 8.695960e+001 1.079136e+002 1.147989e+002 
-5.816045e+001 -5.214787e+001 -2.587772e+000 8.692165e+001 1.078922e+002 1.148367e+002 
-5.852983e+001 -5.167504e+001 -2.623929e+000 8.688368e+001 1.078708e+002 1.148745e+002 
-5.889893e+001 -5.120201e+001 -2.659006e+000 8.684570e+001 1.078493e+002 1.149124e+002 
-5.926777e+001 -5.072876e+001 -2.693023e+000 8.680770e+001 1.078279e+002 1.149502e+002 
-5.963632e+001 -5.025530e+001 -2.725997e+000 8.676969e+001 1.078064e+002 1.149881e+002 
-6.000460e+001 -4.978162e+001 -2.757946e+000 8.673167e+001 1.077849e+002 1.150260e+002 
-6.037260e+001 -4.930773e+001 -2.788889e+000 8.669363e+001 1.077634e+002 1.150639e+002 
-6.074031e+001 -4.883361e+001 -2.818842e+000 8.665558e+001 1.077419e+002 1.151018e+002 
-6.110774e+001 -4.835927e+001 -2.847823e+000 8.661752e+001 1.077203e+002 1.151398e+002 
-6.147488e+001 -4.788471e+001 -2.875850e+000 8.657943e+001 1.076987e+002 1.151777e+002 
-6.184172e+001 -4.740992e+001 -2.902940e+000 8.654134e+001 1.076772e+002 1.152157e+002 
-6.220828e+001 -4.693490e+001 -2.929109e+000 8.650323e+001 1.076556e+002 1.152537e+002 
-6.257453e+001 -4.645966e+001 -2.954373e+000 8.646511e+001 1.076339e+002 1.152917e+002 
-6.294048e+001 -4.598418e+001 -2.978750e+000 8.642697e+001 1.076123e+002 1.153297e+002 
-6.330614e+001 -4.550847e+001 -3.002256e+000 8.638881e+001 1.075906e+002 1.153678e+002 
-6.367148e+001 -4.503253e+001 -3.024907e+000 8.635064e+001 1.075690e+002 1.154059e+002 
-6.403652e+001 -4.455635e+001 -3.046718e+000 8.631246e+001 1.075473e+002 1.154439e+002 
-6.440124e+001 -4.407993e+001 -3.067705e+000 8.627426e+001 1.075256e+002 1.154821e+002 
-6.476565e+001 -4.360327e+001 -3.087884e+000 8.623604e+001 1.075038e+002 1.155202e+002 
-6.512974e+001 -4.312636e+001 -3.107270e+000 8.619781e+001 1.074821e+002 1.155583e+002 
-6.549351e+001 -4.264922e+001 -3.125878e+000 8.615956e+001 1.074603e+002 1.155965e+002 
-6.585696e+001 -4.217182e+001 -3.143722e+000 8.612130e+001 1.074385e+002 1.156347e+002 
-6.622008e+001 -4.169418e+001 -3.160819e+000 8.608302e+001 1.074167e+002 1.156729e+002 
-6.658287e+001 -4.121628e+001 -3.177181e+000 8.604473e+001 1.073949e+002 1.157111e+002 
-6.694533e+001 -4.073814e+001 -3.192823e+000 8.600641e+001 1.073730e+002 1.157494e+002 
-6.730746e+001 -4.025974e+001 -3.207760e+000 8.596808e+001 1.073511e+002 1.157876e+002 
-6.766924e+001 -3.978108e+001 -3.222004e+000 8.592974e+001 1.073292e+002 1.158259e+002 
-6.803068e+001 -3.930217e+001 -3.235571e+000 8.589137e+001 1.073073e+002 1.158642e+002 
-6.839178e+001 -3.882299e+001 -3.248473e+000 8.585299e+001 1.072854e+002 1.159025e+002 
-6.875253e+001 -3.834355e+001 -3.260723e+000 8.581459e+001 1.072634e+002 1.159409e+002 
-6.911292e+001 -3.786385e+001 -3.272335e+000 8.577618e+001 1.072415e+002 1.159793e+002 
-6.947297e+001 -3.738388e+001 -3.283322e+000 8.573774e+001 1.072195e+002 1.160176e+002 
-6.983265e+001 -3.690365e+001 -3.293696e+000 8.569929e+001 1.071975e+002 1.160561e+002 
-7.019197e+001 -3.642314e+001 -3.303469e+000 8.566082e+001 1.071754e+002 1.160945e+002 
-7.055093e+001 -3.594236e+001 -3.312654e+000 8.562233e+001 1.071534e+002 1.161330e+002 
-7.090953e+001 -3.546131e+001 -3.321264e+000 8.558381e+001 1.071313e+002 1.161714e+002 
-7.126775e+001 -3.497998e+001 -3.329310e+000 8.554528e+001 1.071092e+002 1.162099e+002 
-7.162559e+001 -3.449837e+001 -3.336803e+000 8.550674e+001 1.070871e+002 1.162485e+002 
-7.198306e+001 -3.401648e+001 -3.343756e+000 8.546817e+001 1.070649e+002 1.162870e+002 
-7.234015e+001 -3.353431e+001 -3.350180e+000 8.542958e+001 1.070428e+002 1.163256e+002 
-7.269686e+001 -3.305186e+001 -3.356085e+000 8.539096e+001 1.070206e+002 1.163642e+002 
-7.305317e+001 -3.256912e+001 -3.357982e+000 8.535235e+001 1.069984e+002 1.164028e+002 
-7.340910e+001 -3.208609e+001 -3.359520e+000 8.531371e+001 1.069762e+002 1.164414e+002 
-7.376463e+001 -3.160277e+001 -3.360706e+000 8.527504e+001 1.069539e+002 1.164801e+002 
-7.411977e+001 -3.111916e+001 -3.361546e+000 8.523636e+001 1.069316e+002 1.165187e+002 
-7.447451e+001 -3.063526e+001 -3.362047e+000 8.519765e+001 1.069093e+002 1.165574e+002 
-7.482884e+001 -3.015106e+001 -3.362217e+000 8.515892e+001 1.068870e+002 1.165962e+002 
-7.518276e+001 -2.966656e+001 -3.362060e+000 8.512017e+001 1.068647e+002 1.166349e+002 
-7.553627e+001 -2.918176e+001 -3.361585e+000 8.508139e+001 1.068423e+002 1.166737e+002 
-7.588937e+001 -2.869666e+001 -3.360796e+000 8.504259e+001 1.068199e+002 1.167125e+002 
-7.624205e+001 -2.821126e+001 -3.359701e+000 8.500377e+001 1.067975e+002 1.167513e+002 
-7.659431e+001 -2.772555e+001 -3.358305e+000 8.496492e+001 1.067751e+002 1.167902e+002 
-7.694614e+001 -2.723953e+001 -3.356615e+000 8.492605e+001 1.067526e+002 1.168291e+002 
-7.729755e+001 -2.675321e+001 -3.354637e+000 8.488715e+001 1.067301e+002 1.168680e+002 
-7.764852e+001 -2.626657e+001 -3.352376e+000 8.484823e+001 1.067076e+002 1.169069e+002 
-7.799906e+001 -2.577962e+001 -3.349838e+000 8.480929e+001 1.066851e+002 1.169458e+002 
-7.834916e+001 -2.529235e+001 -3.347029e+000 8.477032e+001 1.066626e+002 1.169848e+002 
-7.869882e+001 -2.480477e+001 -3.343956e+000 8.473132e+001 1.066400e+002 1.170238e+002 
-7.904804e+001 -2.431686e+001 -3.340622e+000 8.469230e+001 1.066174e+002 1.170628e+002 
-7.939680e+001 -2.382864e+001 -3.337035e+000 8.465326e+001 1.065948e+002 1.171019e+002 
-7.974512e+001 -2.334009e+001 -3.333199e+000 8.461418e+001 1.065721e+002 1.171409e+002 
-8.009298e+001 -2.285122e+001 -3.329120e+000 8.457509e+001 1.065495e+002 1.171800e+002 
-8.044038e+001 -2.236203e+001 -3.324804e+000 8.453597e+001 1.065268e+002 1.172192e+002 
-8.078731e+001 -2.187250e+001 -3.320254e+000 8.449682e+001 1.065040e+002 1.172583e+002 
-8.113379e+001 -2.138265e+001 -3.315478e+000 8.445764e+001 1.064813e+002 1.172975e+002 
-8.147979e+001 -2.089246e+001 -3.310479e+000 8.441844e+001 1.064585e+002 1.173367e+002 
-8.182532e+001 -2.040194e+001 -3.305262e+000 8.437921e+001 1.064357e+002 1.173760e+002 
-8.217037e+001 -1.991109e+001 -3.299834e+000 8.433996e+001 1.064129e+002 1.174152e+002 
-8.251495e+001 -1.941990e+001 -3.294198e+000 8.430068e+001 1.063901e+002 1.174545e+002 
-8.285904e+001 -1.892837e+001 -3.288359e+000 8.426137e+001 1.063672e+002 1.174938e+002 
-8.320264e+001 -1.843650e+001 -3.282323e+000 8.422203e+001 1.063442e+002 1.175332e+002 
-8.354576e+001 -1.794429e+001 -3.276093e+000 8.418267e+001 1.063211e+002 1.175725e+002 
-8.388838e+001 -1.745173e+001 -3.269674e+000 8.414328e+001 1.062981e+002 1.176119e+002 
-8.423051e+001 -1.695883e+001 -3.263072e+000 8.410386e+001 1.062750e+002 1.176513e+002 
-8.457213e+001 -1.646559e+001 -3.256290e+000 8.406442e+001 1.062518e+002 1.176908e+002 
-8.491325e+001 -1.597199e+001 -3.249332e+000 8.402494e+001 1.062287e+002 1.177303e+002 
-8.525387e+001 -1.547805e+001 -3.242204e+000 8.398544e+001 1.062055e+002 1.177698e+002 
-8.559398e+001 -1.498375e+001 -3.234909e+000 8.394591e+001 1.061823e+002 1.178093e+002 
-8.593357e+001 -1.448910e+001 -3.227451e+000 8.390636e+001 1.061591e+002 1.178489e+002 
-8.627264e+001 -1.399410e+001 -3.219835e+000 8.386677e+001 1.061359e+002 1.178885e+002 
-8.661120e+001 -1.349874e+001 -3.212065e+000 8.382716e+001 1.061126e+002 1.179281e+002 
-8.694923e+001 -1.300303e+001 -3.204144e+000 8.378751e+001 1.060893e+002 1.179677e+002 
-8.728673e+001 -1.250695e+001 -3.196077e+000 8.374784e+001 1.060660e+002 1.180074e+002 
-8.762371e+001 -1.201052e+001 -3.187867e+000 8.370814e+001 1.060427e+002 1.180471e+002 
-8.796015e+001 -1.151372e+001 -3.179519e+000 8.366841e+001 1.060193e+002 1.180869e+002 
-8.829606e+001 -1.101656e+001 -3.171035e+000 8.362865e+001 1.059959e+002 1.181266e+002 
-8.863142e+001 -1.051903e+001 -3.162420e+000 8.358886e+001 1.059725e+002 1.181664e+002 
-8.896624e+001 -1.002114e+001 -3.153678e+000 8.354905e+001 1.059490e+002 1.182062e+002 
-8.930052e+001 -9.522888e+000 -3.144811e+000 8.350920e+001 1.059256e+002 1.182461e+002 
-8.963424e+001 -9.024263e+000 -3.135823e+000 8.346932e+001 1.059021e+002 1.182860e+002 
-8.996742e+001 -8.525268e+000 -3.126718e+000 8.342942e+001 1.058785e+002 1.183259e+002 
-9.030004e+001 -8.025903e+000 -3.117499e+000 8.338948e+001 1.058550e+002 1.183658e+002 
-9.063209e+001 -7.526166e+000 -3.108169e+000 8.334951e+001 1.058314e+002 1.184058e+002 
-9.096359e+001 -7.026055e+000 -3.098732e+000 8.330952e+001 1.058078e+002 1.184458e+002 
-9.129452e+001 -6.525571e+000 -3.089190e+000 8.326949e+001 1.057842e+002 1.184858e+002 
-9.162488e+001 -6.024711e+000 -3.079547e+000 8.322944e+001 1.057606e+002 1.185259e+002 
-9.195467e+001 -5.523474e+000 -3.069807e+000 8.318935e+001 1.057369e+002 1.185660e+002 
-9.228389e+001 -5.021860e+000 -3.059971e+000 8.314923e+001 1.057132e+002 1.186061e+002 
-9.261253e+001 -4.519867e+000 -3.050043e+000 8.310909e+001 1.056894e+002 1.186463e+002 
-9.294059e+001 -4.017495e+000 -3.040026e+000 8.306891e+001 1.056657e+002 1.186864e+002 
-9.326806e+001 -3.514742e+000 -3.029923e+000 8.302870e+001 1.056419e+002 1.187267e+002 
-9.359495e+001 -3.011607e+000 -3.019736e+000 8.298846e+001 1.056181e+002 1.187669e+002 
-9.392124e+001 -2.508089e+000 -3.009468e+000 8.294819e+001 1.055943e+002 1.188072e+002 
-9.424695e+001 -2.004188e+000 -2.999122e+000 8.290789e+001 1.055704e+002 1.188475e+002 
-9.457206e+001 -1.499903e+000 -2.988700e+000 8.286756e+001 1.055465e+002 1.188878e+002 
-9.489657e+001 -9.952319e-001 -2.978206e+000 8.282720e+001 1.055226e+002 1.189282e+002 
-9.522048e+001 -4.901749e-001 -2.967641e+000 8.278680e+001 1.054986e+002 1.189686e+002 
-9.554378e+001 1.526920e-002 -2.957008e+000 8.274638e+001 1.054747e+002 1.190090e+002 
-9.586648e+001 5.211012e-001 -2.946310e+000 8.270592e+001 1.054507e+002 1.190495e+002 
-9.618857e+001 1.027322e+000 -2.935549e+000 8.266544e+001 1.054266e+002 1.190899e+002 
-9.651005e+001 1.533932e+000 -2.924726e+000 8.262492e+001 1.054026e+002 1.191305e+002 
-9.683091e+001 2.040932e+000 -2.913846e+000 8.258437e+001 1.053785e+002 1.191710e+002 
-9.715115e+001 2.548324e+000 -2.902909e+000 8.254379e+001 1.053544e+002 1.192116e+002 
-9.747076e+001 3.056107e+000 -2.891918e+000 8.250318e+001 1.053303e+002 1.192522e+002 
-9.778976e+001 3.564282e+000 -2.880874e+000 8.246253e+001 1.053061e+002 1.192929e+002 
-9.810813e+001 4.072851e+000 -2.869781e+000 8.242186e+001 1.052819e+002 1.193335e+002 
-9.842586e+001 4.581813e+000 -2.858641e+000 8.238115e+001 1.052577e+002 1.193742e+002 
-9.874297e+001 5.091170e+000 -2.847454e+000 8.234041e+001 1.052334e+002 1.194150e+002 
-9.905944e+001 5.600923e+000 -2.836224e+000 8.229964e+001 1.052091e+002 1.194557e+002 
-9.937527e+001 6.111072e+000 -2.824951e+000 8.225884e+001 1.051848e+002 1.194966e+002 
-9.969046e+001 6.621617e+000 -2.813639e+000 8.221801e+001 1.051605e+002 1.195374e+002 
-1.000050e+002 7.132560e+000 -2.802288e+000 8.217714e+001 1.051361e+002 1.195783e+002 
-1.003190e+002 7.643815e+000 -2.660014e+000 8.166590e+001 1.048312e+002 1.200895e+002 
-1.006322e+002 8.155582e+000 -2.517019e+000 8.115414e+001 1.045242e+002 1.206012e+002 
-1.009446e+002 8.667851e+000 -2.373285e+000 8.064189e+001 1.042149e+002 1.211135e+002 
-1.012560e+002 9.180339e+000 -2.228858e+000 8.012941e+001 1.039028e+002 1.216259e+002 
-1.015649e+002 9.690420e+000 -2.084417e+000 7.961934e+001 1.035868e+002 1.221360e+002 
-1.018724e+002 1.020168e+001 -1.938817e+000 7.910809e+001 1.039008e+002 1.216247e+002 
-1.021786e+002 1.071217e+001 -1.792093e+000 7.859762e+001 1.035855e+002 1.221351e+002 
-1.024842e+002 1.122292e+001 -1.636418e+000 7.808692e+001 1.039003e+002 1.216244e+002 
-1.027893e+002 1.173387e+001 -1.791029e+000 7.859786e+001 1.035857e+002 1.221353e+002 
-1.030936e+002 1.224495e+001 -1.631395e+000 7.808683e+001 1.039000e+002 1.216242e+002 
-1.033974e+002 1.275622e+001 -1.790265e+000 7.859809e+001 1.035860e+002 1.221355e+002 
-1.037005e+002 1.326762e+001 -1.627587e+000 7.808672e+001 1.038998e+002 1.216241e+002 
-1.040030e+002 1.377922e+001 -1.789766e+000 7.859831e+001 1.035863e+002 1.221356e+002 
-1.043047e+002 1.429096e+001 -1.624918e+000 7.808660e+001 1.038995e+002 1.216239e+002 
-1.046058e+002 1.480289e+001 -1.789499e+000 7.859853e+001 1.035865e+002 1.221358e+002 
